"","CHOW_BAS_1","CHOW_BAS_2","CHOW_BAS_3","CHOW_BAS_4","CHOW_BAS_5","CHOW_BAS_6","CHOW_BAS_7","CHOW_BAS_8","CHOW_BAS_9","CHOW_BAS_10","CHOW_BAS_11","CHOW_BAS_12","CHOW_INS_1","CHOW_INS_2","CHOW_INS_3","CHOW_INS_4","CHOW_INS_5","CHOW_INS_6","CHOW_INS_7","CHOW_INS_8","CHOW_INS_9","CHOW_INS_10","CHOW_INS_11","CHOW_INS_12","HFD_BAS_1","HFD_BAS_2","HFD_BAS_3","HFD_BAS_4","HFD_BAS_5","HFD_BAS_6","HFD_BAS_7","HFD_BAS_8","HFD_BAS_9","HFD_BAS_10","HFD_BAS_11","HFD_BAS_12","HFD_INS_1","HFD_INS_2","HFD_INS_3","HFD_INS_4","HFD_INS_5","HFD_INS_6","HFD_INS_7","HFD_INS_8","HFD_INS_9","HFD_INS_10","HFD_INS_11","HFD_INS_12","REV_BAS_1","REV_BAS_2","REV_BAS_3","REV_BAS_4","REV_BAS_5","REV_BAS_6","REV_BAS_7","REV_BAS_8","REV_BAS_9","REV_BAS_10","REV_BAS_11","REV_BAS_12","REV_INS_1","REV_INS_2","REV_INS_3","REV_INS_4","REV_INS_5","REV_INS_6","REV_INS_7","REV_INS_8","REV_INS_9","REV_INS_10","REV_INS_11","REV_INS_12"
"CHOW_BAS_1",1,0.879044513771864,0.845991677010124,0.841659255415159,0.862111028587405,0.829424285129277,0.838331068538093,0.845530455957227,0.847819979012536,0.835553040796893,0.870994182382901,0.819460667311881,0.89747595828433,0.864879233135746,0.841380109254315,0.838883883078775,0.821614085787036,0.841082851725684,0.836942252835848,0.842563529296189,0.840059202120503,0.840695892731047,0.831383372466675,0.818499427412866,0.858059907210153,0.871956059913881,0.844492848144645,0.840230722582506,0.864590138021461,0.839130014900485,0.826332833851441,0.804287979185023,0.805975746079619,0.849400880376363,0.851919440034971,0.820371862583328,0.865542474201736,0.848312108154219,0.833631579077177,0.827131104854122,0.829053764865301,0.830460784423849,0.782754932883295,0.800709675378604,0.805370406052855,0.816610547046334,0.820737395137753,0.812822681912625,0.885306154419487,0.882524760118728,0.845820010872685,0.845685749769729,0.839364740383163,0.826069400497965,0.806207765867928,0.809855819116703,0.842504373904677,0.82545679130965,0.832998208981046,0.806669250307372,0.872128744885643,0.862971911823879,0.812851880196246,0.806251640410667,0.81324474564842,0.84479943574099,0.825301154726691,0.789100594571651,0.846552950408462,0.813484029270059,0.829562193904624,0.827428874457064
"CHOW_BAS_2",0.879044513771864,1,0.901007169296719,0.880943060243705,0.875287115597304,0.85802856742387,0.894222738746872,0.849185380333055,0.877628856919502,0.872241757740953,0.877835282583046,0.867724364679084,0.868373829740358,0.924706075145796,0.902418599223651,0.881912870871396,0.827875042442838,0.882215172782577,0.879445308419518,0.844758144774049,0.874990359970114,0.887440908264889,0.856311080692433,0.859902855575267,0.820280886007647,0.907694962412846,0.897850024428671,0.880748210066699,0.871635035262211,0.879251555471217,0.88549899233421,0.829195710274782,0.841179039610758,0.900544088062404,0.861136911362447,0.860625330641393,0.868222999316635,0.878682628191358,0.879136100314681,0.879499740518477,0.859431379752044,0.881110708037265,0.826283443150883,0.806353922275926,0.837846414417304,0.864903335464345,0.809849267817069,0.853372283139831,0.90008322940626,0.891107649571648,0.907531615215909,0.898031644295795,0.848704219529237,0.862839875836708,0.845880932496476,0.826764123113254,0.863188227114015,0.875013519884174,0.849721167489881,0.850918241274147,0.873652512502835,0.906050491172032,0.862430224705007,0.853371886164415,0.846487704862794,0.827538706956586,0.872022777669977,0.801741564870266,0.879497072647029,0.875454532182539,0.860861811764414,0.867465821883964
"CHOW_BAS_3",0.845991677010124,0.901007169296719,1,0.923230573372851,0.886107931333237,0.889140678523827,0.908328648015817,0.872550048097446,0.882877633484466,0.894800853971229,0.880664976897564,0.89102319173172,0.829830690754972,0.904365869831993,0.898206421632426,0.900718719050841,0.847998337063062,0.873223703643594,0.918916113650254,0.868731820947801,0.881667987478411,0.906408671459229,0.874940354355974,0.881192358999755,0.812326026064412,0.882864259193014,0.908240988613093,0.923739366578844,0.872745813535272,0.884070478684748,0.896688669056675,0.835778708882885,0.845564608096203,0.888225578256322,0.866147650393029,0.870447152627979,0.844713977156993,0.846052260681338,0.908891442076422,0.904197918507494,0.850209700935929,0.891231534809402,0.8320484360579,0.808319239162298,0.850327067545611,0.858207113704695,0.808294647973223,0.871843647978749,0.868567202584929,0.871256255907943,0.901378190897997,0.90454715174421,0.843414380477921,0.874440876898098,0.859356555503059,0.821435950546662,0.856366680462596,0.880412533981314,0.850770028690444,0.857107203016078,0.855018173758407,0.885891924513413,0.90476998576419,0.891453887300304,0.85784344648974,0.830721245192236,0.86997988369248,0.794749322283484,0.886502417596917,0.88444229206839,0.881394075003444,0.884397241010348
"CHOW_BAS_4",0.841659255415159,0.880943060243705,0.923230573372851,1,0.877680759052234,0.886405764896348,0.916122151386518,0.863388420676123,0.882473413022472,0.88619863812302,0.874935401115785,0.893503585278921,0.828649402185985,0.890796148407411,0.902921661247864,0.920487486035721,0.853703671031223,0.876226650454381,0.902872757780061,0.852036801436653,0.877389633333166,0.902635718371335,0.867886836960954,0.872759884868328,0.824694891026751,0.880544596182233,0.901807913843367,0.925277864518145,0.865241417296354,0.886287873592868,0.8937786519844,0.824147117731931,0.835992828579262,0.886582144843328,0.862998877595057,0.876404477913735,0.829177554871501,0.840086974868859,0.918960139632242,0.928826399464421,0.839964877930751,0.882276757879464,0.83381247037662,0.803556089475278,0.845526828144265,0.854568685408558,0.800962605156139,0.859947134651265,0.856484577988596,0.858521508490919,0.907923808519283,0.916334294583701,0.822757512011517,0.870197448088463,0.863814934322891,0.819402126774863,0.849850372116468,0.868024674633807,0.842518446569046,0.853587248841013,0.845293919912983,0.888797492203432,0.905769542958169,0.90608468408427,0.848932809340746,0.81568370721304,0.876677437546644,0.793448533568388,0.886511205448381,0.878766846852013,0.87167829749923,0.88293068401458
"CHOW_BAS_5",0.862111028587405,0.875287115597304,0.886107931333237,0.877680759052234,1,0.896879023155714,0.900313833999078,0.893172296013973,0.896391749957508,0.883563434140236,0.898034542890984,0.872171719908955,0.85241035492808,0.872050782858116,0.87561730276204,0.874318524467365,0.857815306153779,0.878100522183863,0.882127660238217,0.887819298732149,0.875447114952053,0.893293289589357,0.88195603133535,0.871073819084337,0.82398144008078,0.861984089246248,0.8797354511352,0.878447788223968,0.91219682358506,0.869316946703039,0.882337155514248,0.857093942141638,0.839961278537631,0.889782049146774,0.881999785105315,0.850111071884351,0.852133909800625,0.855174457630362,0.8676859976495,0.861018379290883,0.878285336081483,0.879020008765656,0.818507356807,0.82595284964808,0.857556544351579,0.848401153648917,0.837725652725898,0.869256249354584,0.880396595626992,0.884754832088113,0.884225943559036,0.87301479357403,0.872200501680877,0.886542037412157,0.844902009638457,0.847173115804066,0.877433322513706,0.862527992129614,0.868279559717093,0.858634246052712,0.8654802409472,0.889292826219055,0.874348012691997,0.861080187927522,0.854661933414607,0.863159189573914,0.867282135219305,0.832537152062461,0.884616341262138,0.881092977568856,0.868279707186071,0.861465623184276
"CHOW_BAS_6",0.829424285129277,0.85802856742387,0.889140678523827,0.886405764896348,0.896879023155714,1,0.899456113418086,0.884981826173986,0.896261318402911,0.877220074934258,0.886649541006944,0.875828806586157,0.832487480339852,0.877394320393785,0.880029910545833,0.88783051034566,0.87688367420249,0.892778324057209,0.878581982528888,0.874229210484021,0.890441634718883,0.887024398186056,0.880487214826835,0.890235377933915,0.807835774174456,0.861878180878967,0.88876987028009,0.883108648962787,0.883574791725933,0.87652299996741,0.890789415628554,0.855027265042926,0.854192894068308,0.88325016194342,0.875347491027732,0.872017432340642,0.835484365479579,0.846367675435225,0.88182617273158,0.871023350626645,0.860061249748755,0.89776186024935,0.840806377863249,0.820027897990865,0.867550137358433,0.847305276401237,0.832025744192909,0.881599650566393,0.856738151094766,0.867960466538567,0.889783051509269,0.886535291047634,0.858586465032636,0.905995775042201,0.865078852516223,0.848159152951569,0.878319477033987,0.862560014356878,0.867406544967389,0.875132714586589,0.857428015526329,0.883363466919375,0.895453496602073,0.873326423520253,0.883835150391377,0.852332746898749,0.881794145887203,0.835678793483395,0.885246674361773,0.890905107191904,0.88348897327628,0.885651018462125
"CHOW_BAS_7",0.838331068538093,0.894222738746872,0.908328648015817,0.916122151386518,0.900313833999078,0.899456113418086,1,0.888004622638508,0.89885225907304,0.916551328620763,0.891070305167816,0.905628929927044,0.826616231565565,0.890294183015326,0.918631965675763,0.920195564273485,0.856099589275227,0.877979927023107,0.899686443276636,0.877133808576139,0.897052109328725,0.928599571336553,0.886183850279298,0.89198642744765,0.806831929401608,0.865244996910473,0.908115136495123,0.912109066602074,0.878444113638283,0.901283664395399,0.922995797263128,0.86621679173631,0.877447109861539,0.913328966550997,0.877493512727811,0.899775646178381,0.83770030548879,0.849355229478482,0.915526698675413,0.903709216351393,0.873116304260481,0.911310808715895,0.866130714399412,0.837571902804573,0.879601066227757,0.882811217244566,0.833519758382577,0.888226924546029,0.866433214747746,0.863496242687375,0.921839822223115,0.916602091091453,0.858270411996984,0.893026645100433,0.902713902845417,0.851410031977059,0.887622286847555,0.894295260283232,0.865969335187293,0.889702280742485,0.85075837044424,0.882507793587294,0.907265341856601,0.902642865510599,0.880843770929215,0.847532746342988,0.907645238054416,0.818171296342514,0.905339098737202,0.914455739362002,0.895022939060275,0.891285741990406
"CHOW_BAS_8",0.845530455957227,0.849185380333055,0.872550048097446,0.863388420676123,0.893172296013973,0.884981826173986,0.888004622638508,1,0.895338673299235,0.899716965542711,0.889164379492761,0.871473920997379,0.821919745949038,0.85609693018067,0.851933622304264,0.859980983074772,0.865242603023467,0.848829895192204,0.855706719772799,0.900261430542316,0.891276776964295,0.880438139859008,0.881364183167638,0.868573090494499,0.81608140111023,0.843500279161215,0.85144606519993,0.854985588027053,0.888365801177233,0.848194312104616,0.873134138521915,0.862157741244454,0.862108108235229,0.876422411426722,0.888838732744763,0.856493434898124,0.830179648331665,0.830073815508337,0.859878657455226,0.842131737984052,0.840749049103427,0.86114433991601,0.844425252470255,0.858188250938724,0.860186486377437,0.845067364582345,0.833417386406664,0.865069833745372,0.846190440854181,0.842746718810875,0.856591126717994,0.86064858086273,0.85418279287941,0.878904443495982,0.869702576917448,0.86381908363829,0.885452063440511,0.885570251652514,0.854287615376752,0.85083009256487,0.837713760190381,0.859684643672802,0.862015732050024,0.847881522897264,0.855099220352717,0.863565125138395,0.860174434209266,0.8487693376377,0.888273295543069,0.887577543713333,0.867736281645308,0.87233913678787
"CHOW_BAS_9",0.847819979012536,0.877628856919502,0.882877633484466,0.882473413022472,0.896391749957508,0.896261318402911,0.89885225907304,0.895338673299235,1,0.892252381433695,0.878786256643648,0.88922286750397,0.81669256568191,0.877920680282485,0.882604025726235,0.879693527231328,0.857069407986444,0.872314615351717,0.873845906405139,0.89155270515547,0.917309893018338,0.900372349929363,0.872966791690883,0.876645045159136,0.806253247196605,0.854487672632751,0.874507459124276,0.869756018858909,0.882340612729625,0.881795141032247,0.895099145766405,0.860089372416686,0.864419057094675,0.905065529219365,0.885699993107546,0.866732132765428,0.845983234547448,0.84041041564593,0.87175805634188,0.86461280334368,0.856713221266452,0.889481868386603,0.848223801292348,0.844216757762544,0.885914686993502,0.878882131488386,0.83918362496687,0.871196004764568,0.860493814870632,0.859276334157162,0.882800023567954,0.887606498399868,0.853591581005589,0.900787076975636,0.875163678701834,0.852297667820294,0.883239935759268,0.892158947094661,0.868661384355082,0.863428528870031,0.846224030467886,0.879429159387727,0.873381834260744,0.86308034992654,0.863419397230658,0.837295231198042,0.867541523859962,0.821054106289436,0.896151949309755,0.884169869331267,0.881918105339767,0.870063031991588
"CHOW_BAS_10",0.835553040796893,0.872241757740953,0.894800853971229,0.88619863812302,0.883563434140236,0.877220074934258,0.916551328620763,0.899716965542711,0.892252381433695,1,0.873229925518314,0.889478861621851,0.813361903293339,0.877603116812317,0.88335543513667,0.882100647697338,0.84673061017341,0.852933718523832,0.855510722305852,0.873844901390749,0.890849413162768,0.914852623062194,0.866448798529026,0.861670860867996,0.803222549513067,0.851839159340492,0.87925816055858,0.881602549513374,0.87344851838962,0.870497177682295,0.899661306255232,0.853837713164544,0.863075512276555,0.89839706469571,0.869659213017022,0.878301651479448,0.82411742400076,0.831741272740829,0.886457333240967,0.864540745675315,0.830606789403865,0.877062293861253,0.868455294804353,0.843432237336135,0.866941648220685,0.882056059347706,0.822701990359361,0.861960794548609,0.848553977187619,0.841632151744054,0.889648563636287,0.88559101604616,0.835677934023923,0.888298638504079,0.899475549714747,0.847645917921114,0.867438529375873,0.918950586768941,0.844881933188129,0.874241565968074,0.831998599570658,0.868518833748329,0.883933903514894,0.87536819022695,0.857558878465059,0.833942275124516,0.880497875363692,0.812586634299303,0.895564382308916,0.903117937486733,0.87847921724347,0.881312278124539
"CHOW_BAS_11",0.870994182382901,0.877835282583046,0.880664976897564,0.874935401115785,0.898034542890984,0.886649541006944,0.891070305167816,0.889164379492761,0.878786256643648,0.873229925518314,1,0.868544677471356,0.848461432923593,0.882802513682009,0.869481212956732,0.864631539265933,0.861223352190438,0.865752852809028,0.866958248777258,0.881495240933626,0.884328329531453,0.888426142612623,0.895875332678461,0.878275043906547,0.838242826380765,0.866030839541077,0.86685451972099,0.875837871048518,0.897507714266977,0.87550221171117,0.879822203474671,0.854991368763318,0.843595599688605,0.882672469146666,0.905234590988911,0.862222372965564,0.850651380119884,0.855488457629388,0.875400445982961,0.861404901384478,0.865312309556826,0.868865267124104,0.814981861951893,0.822710702404717,0.850876000007947,0.841800919384551,0.851051107812083,0.876265841750592,0.885856929804639,0.886757176058407,0.888646856037195,0.870784878995479,0.864610765083738,0.874693566122058,0.848170241374727,0.846577833964247,0.883233336165579,0.871474208710597,0.881549839891286,0.86534403623775,0.874873620820211,0.89239245442026,0.866221234057201,0.86136294097972,0.852377875870465,0.87662141157924,0.866466992241352,0.844485801251015,0.881048186026044,0.885023297809655,0.879018769117366,0.870366990062774
"CHOW_BAS_12",0.819460667311881,0.867724364679084,0.89102319173172,0.893503585278921,0.872171719908955,0.875828806586157,0.905628929927044,0.871473920997379,0.88922286750397,0.889478861621851,0.868544677471356,1,0.790628014256485,0.863269000806862,0.883871882687308,0.879442344751122,0.834446679464467,0.85150443954413,0.87481301535025,0.850872691208773,0.872176826866584,0.901491826525012,0.85855278738267,0.881004377814013,0.769661805891921,0.850740370769841,0.885353387643369,0.893332593900482,0.855381972580121,0.873625811287811,0.890110677375112,0.829560506711103,0.840039554885843,0.885896296836111,0.859761033516821,0.883738467096889,0.802827648456366,0.823450164065779,0.876185664614993,0.883753934274677,0.840222825430874,0.877316999313603,0.836030926139705,0.818925338361191,0.849785142173513,0.844488321155546,0.811563551375659,0.875864085618688,0.842515004031943,0.832619162269927,0.879851945699967,0.887465607017453,0.828448687713818,0.880363323721163,0.86200194755022,0.823677357206041,0.854331964892185,0.885803154252491,0.84224882005002,0.875057683256614,0.823439266113458,0.852445052684438,0.885826225962265,0.87840770997265,0.856695583489022,0.806549419230793,0.866659361813542,0.786747604867004,0.883632659380285,0.887793571281504,0.863108124169235,0.886192767907771
"CHOW_INS_1",0.89747595828433,0.868373829740358,0.829830690754972,0.828649402185985,0.85241035492808,0.832487480339852,0.826616231565565,0.821919745949038,0.81669256568191,0.813361903293339,0.848461432923593,0.790628014256485,1,0.872028275910733,0.846454092149767,0.845847386731819,0.819371502000012,0.865382993215904,0.836851013076321,0.835426066409523,0.832184894965377,0.82880509293449,0.835434614485027,0.819976156170832,0.853110019722869,0.860941254213703,0.845660655518252,0.83391147124763,0.853595651794567,0.829586933099559,0.82912824340999,0.811306918350595,0.792376973787121,0.839862513293504,0.841775278065166,0.805664827400259,0.883666504308018,0.87034873694111,0.833680715284223,0.835157038911195,0.838444526732862,0.837063959118631,0.775389873931539,0.78566710114865,0.813468688779064,0.814537744563279,0.824746327197824,0.822188869394953,0.885286083593816,0.882813074124806,0.850318004358511,0.839130164189628,0.843522180559927,0.822550005850242,0.794440933949542,0.806051724520113,0.826883233487777,0.798967277606571,0.82891477981013,0.810240100430966,0.878122964542216,0.875615993054252,0.818164136691516,0.806028606573893,0.820755846854154,0.852904198990496,0.838886825248528,0.821126771385777,0.838960626332725,0.82043588254336,0.820286788477218,0.81972691375442
"CHOW_INS_2",0.864879233135746,0.924706075145796,0.904365869831993,0.890796148407411,0.872050782858116,0.877394320393785,0.890294183015326,0.85609693018067,0.877920680282485,0.877603116812317,0.882802513682009,0.863269000806862,0.872028275910733,1,0.920030564967075,0.896398370030868,0.868599845012246,0.896359631286822,0.88787844065189,0.86447335472395,0.883688871605939,0.895181960630212,0.877129839525649,0.874162358675095,0.827039772662337,0.902009118554963,0.899063791771324,0.889511552989331,0.878397348451468,0.882069597593206,0.8857504786434,0.841913510855612,0.849725086141666,0.895929211119178,0.86915899610579,0.866990665196829,0.895304963361785,0.896068705306373,0.899461887251903,0.892639918985843,0.869910361175484,0.893957402999025,0.83958627028518,0.813069378576737,0.861397886042421,0.872764422661797,0.82554928549231,0.866986926551565,0.892725919581881,0.901420301843026,0.91041689279758,0.894349696614196,0.855846171354879,0.873828349116406,0.859188893140411,0.832535589824592,0.86230581169118,0.867992817830513,0.859969836583272,0.866758163043413,0.89436546399286,0.918463694169071,0.879020670702699,0.87730422148481,0.871417977936924,0.852827345832355,0.892689504610057,0.825444917943806,0.893965008908538,0.887700045713976,0.875459404984729,0.880372658142479
"CHOW_INS_3",0.841380109254315,0.902418599223651,0.898206421632426,0.902921661247864,0.87561730276204,0.880029910545833,0.918631965675763,0.851933622304264,0.882604025726235,0.88335543513667,0.869481212956732,0.883871882687308,0.846454092149767,0.920030564967075,1,0.92447007165933,0.84409149260078,0.897436300856338,0.893270168753568,0.855198045342451,0.882536069875886,0.913204130812223,0.876106058415682,0.884087654025521,0.805284441991332,0.880175627508208,0.914577731533152,0.909026126108467,0.86994374803728,0.898716880488121,0.904307420344756,0.837159928343644,0.846103146854955,0.903643441089924,0.865721811706907,0.876814398388762,0.863221708312519,0.872813215119371,0.910724246618841,0.9089752342566,0.878360287899955,0.90310333958388,0.842553639950003,0.798727129715376,0.863214126548101,0.881998379373252,0.816283426618536,0.877297314065796,0.880686333054364,0.882090948360064,0.931166131393226,0.923525089374514,0.846984648983915,0.885206037943885,0.864204326407777,0.82458811579342,0.854657003228627,0.865141900349176,0.854267882994862,0.885684758321123,0.868697118270369,0.906199451286207,0.897779629434482,0.906008008914149,0.871490463212423,0.842144107651019,0.896114939574553,0.807858314238356,0.898022427364789,0.89098524756091,0.882594970201251,0.886594003803141
"CHOW_INS_4",0.838883883078775,0.881912870871396,0.900718719050841,0.920487486035721,0.874318524467365,0.88783051034566,0.920195564273485,0.859980983074772,0.879693527231328,0.882100647697338,0.864631539265933,0.879442344751122,0.845847386731819,0.896398370030868,0.92447007165933,1,0.857901112262787,0.887402142099484,0.887302235874518,0.852553660037168,0.880146954753346,0.906451331000006,0.876556989666732,0.877569912080502,0.809114758876913,0.867705850859343,0.90444193692316,0.911494051447344,0.854045303492058,0.887244266250141,0.904666046225282,0.839894133038342,0.848322753051911,0.886215523395335,0.865046642852165,0.873295960206277,0.846783063667253,0.855020151615424,0.918047760588681,0.923420768661963,0.863496040231267,0.896007015977749,0.845107081540914,0.812857165065673,0.864274330009287,0.873957223794342,0.820080936825415,0.87338258990857,0.862508591555355,0.866255602844808,0.915148716265536,0.921042784513116,0.836124542628655,0.879329898685551,0.865926007044343,0.823854143047603,0.858859212018312,0.863999491641474,0.853215158842076,0.873116724468819,0.861553621567841,0.891498600737152,0.904620897042064,0.916228298697645,0.8655586998595,0.830910358534531,0.893448842836499,0.816053194080356,0.889636858445526,0.89059338136341,0.87149699749523,0.89450232455516
"CHOW_INS_5",0.821614085787036,0.827875042442838,0.847998337063062,0.853703671031223,0.857815306153779,0.87688367420249,0.856099589275227,0.865242603023467,0.857069407986444,0.84673061017341,0.861223352190438,0.834446679464467,0.819371502000012,0.868599845012246,0.84409149260078,0.857901112262787,1,0.872695348559266,0.841331992367247,0.865638777885995,0.862074970364239,0.863958205427625,0.882155911482347,0.856397557478846,0.822232567536655,0.836751040461524,0.848983797276383,0.853158065370739,0.849339415991966,0.834087659550329,0.852227111395374,0.855019515099577,0.852483867723829,0.844324530494527,0.872570094679358,0.868010869314847,0.85024709866458,0.843437312899378,0.856872305463813,0.83730113777526,0.84219816059353,0.860538781871356,0.847923115156813,0.851540064332983,0.866963327883758,0.843697617001071,0.836716079384578,0.857858712888997,0.832698432594321,0.842324554513782,0.854447848772308,0.83575132530718,0.838281260342225,0.874378467009103,0.859133658901289,0.852240834508306,0.878608438857125,0.860469862207826,0.845273568785727,0.852454556004422,0.861456581106971,0.850668588355625,0.873433408707062,0.839800325602093,0.868648028812128,0.852787981340116,0.884095061734972,0.841542724232632,0.876221757406515,0.859197721977735,0.860472152811947,0.870119593122006
"CHOW_INS_6",0.841082851725684,0.882215172782577,0.873223703643594,0.876226650454381,0.878100522183863,0.892778324057209,0.877979927023107,0.848829895192204,0.872314615351717,0.852933718523832,0.865752852809028,0.85150443954413,0.865382993215904,0.896359631286822,0.897436300856338,0.887402142099484,0.872695348559266,1,0.89268996112128,0.85785550803376,0.88193213184408,0.87943575445912,0.86886811449079,0.884618933031781,0.822456214160752,0.884688037403948,0.892577434045294,0.883878113337782,0.870081507008654,0.887943938718784,0.872394637251848,0.861383255627923,0.855431322406353,0.891640157205447,0.862904302032412,0.865384927700102,0.884358468559498,0.894912570229482,0.875032801996479,0.885439828888805,0.897627799590965,0.90567599028034,0.827603441142786,0.819108472592449,0.869783986370846,0.86828563741684,0.833684054536643,0.877422041514116,0.87669533562633,0.889525351696736,0.901529261667835,0.889834629896321,0.868119757635051,0.88044355948496,0.839684114407626,0.839403793926113,0.869470897006633,0.846350516209828,0.87469662716515,0.870294646950035,0.875273417383232,0.903904563744743,0.866435606470899,0.86709156310603,0.884262307156952,0.843431084711834,0.879294760819919,0.84047351439158,0.886850362080216,0.874587509044871,0.874569382934732,0.867310903779044
"CHOW_INS_7",0.836942252835848,0.879445308419518,0.918916113650254,0.902872757780061,0.882127660238217,0.878581982528888,0.899686443276636,0.855706719772799,0.873845906405139,0.855510722305852,0.866958248777258,0.87481301535025,0.836851013076321,0.88787844065189,0.893270168753568,0.887302235874518,0.841331992367247,0.89268996112128,1,0.859931787060504,0.891308310563937,0.895656528578004,0.875706246816484,0.884705051575801,0.805434990812892,0.87281876361165,0.890680084769572,0.905647313355037,0.862953301282341,0.881086663496213,0.891537744139925,0.823488899471825,0.838496774778809,0.887514073081251,0.857579474340286,0.860753505461461,0.846724628753325,0.852727982838497,0.893193318849789,0.893285065153271,0.874056418486132,0.893622943988455,0.823760701436271,0.803292481058908,0.855080756532979,0.855015829805472,0.808256505158073,0.879418966150704,0.851470138534839,0.865073743072852,0.890884839088746,0.888328159147101,0.835101087038018,0.858283851850435,0.844610444579245,0.826763791661234,0.857139104449621,0.851072928582796,0.840014277507433,0.854929628056321,0.8499635210644,0.894704648266755,0.883168919591564,0.881273678993662,0.857855808004427,0.827419504196816,0.870343579802444,0.810776909208238,0.878534878740333,0.879101182643036,0.865734205682351,0.881773237721884
"CHOW_INS_8",0.842563529296189,0.844758144774049,0.868731820947801,0.852036801436653,0.887819298732149,0.874229210484021,0.877133808576139,0.900261430542316,0.89155270515547,0.873844901390749,0.881495240933626,0.850872691208773,0.835426066409523,0.86447335472395,0.855198045342451,0.852553660037168,0.865638777885995,0.85785550803376,0.859931787060504,1,0.888303071451431,0.88318316959028,0.873432301062455,0.865142110157707,0.809185752187041,0.836699063334776,0.843746810866464,0.851037667151244,0.889317566681416,0.85306420705803,0.859879373240624,0.852168057387883,0.846049032984501,0.868092164020693,0.878125952389187,0.848907134794824,0.833748282306931,0.832050978328607,0.865939941454208,0.845785800279205,0.852000708602787,0.863423866222252,0.833874212379725,0.856786189975964,0.868762372283757,0.853301447797383,0.84126450813149,0.858784457772217,0.850883430120873,0.844643802527456,0.860066543226926,0.858284843779356,0.87586746985721,0.874689356373578,0.863124007768658,0.857874536552154,0.872832954909283,0.876303066277398,0.858847189769575,0.846111091897807,0.857232850577286,0.864216370438571,0.869572544213788,0.860686423909728,0.855414478963368,0.879653207499944,0.86013295611146,0.862305868075321,0.883971546763198,0.873176113132245,0.879565002410981,0.875317338316544
"CHOW_INS_9",0.840059202120503,0.874990359970114,0.881667987478411,0.877389633333166,0.875447114952053,0.890441634718883,0.897052109328725,0.891276776964295,0.917309893018338,0.890849413162768,0.884328329531453,0.872176826866584,0.832184894965377,0.883688871605939,0.882536069875886,0.880146954753346,0.862074970364239,0.88193213184408,0.891308310563937,0.888303071451431,1,0.898306082698146,0.882652941003061,0.871925906086053,0.813858637039646,0.856217837370768,0.868361127079952,0.864704970655779,0.880881590975509,0.875805228487843,0.896980394314015,0.836405803887348,0.862319783058738,0.894124514417469,0.876521864411378,0.862602042519602,0.861084862856164,0.843193264330909,0.877057241535513,0.870097369286573,0.858063637515085,0.892062971312043,0.844702090264737,0.830936815331534,0.884657043631448,0.874610681194085,0.824225607339421,0.868578205846748,0.862486513656883,0.8632764486929,0.885817818430484,0.881031348605621,0.84743737081048,0.887666812948069,0.859389090949781,0.84642057728663,0.871289815565671,0.873257092409535,0.850977348304211,0.85151709151666,0.860678774586814,0.884582931917694,0.87743123765195,0.871724710683866,0.86734286076075,0.846295948224525,0.870562895939676,0.840950281183236,0.905434405029506,0.888118251810804,0.877972376692528,0.876879834034267
"CHOW_INS_10",0.840695892731047,0.887440908264889,0.906408671459229,0.902635718371335,0.893293289589357,0.887024398186056,0.928599571336553,0.880438139859008,0.900372349929363,0.914852623062194,0.888426142612623,0.901491826525012,0.82880509293449,0.895181960630212,0.913204130812223,0.906451331000006,0.863958205427625,0.87943575445912,0.895656528578004,0.88318316959028,0.898306082698146,1,0.887054047535993,0.891362351598902,0.80745512157323,0.859639510344571,0.898752228088629,0.894142449167861,0.887452986152331,0.897583488175243,0.9093368755604,0.849270486609818,0.867197683980303,0.91101015608214,0.881419450879502,0.882306598324511,0.842833970562147,0.849700626381264,0.908903041647167,0.89458029510457,0.876078555348717,0.897261366211907,0.864697599041401,0.833244139020815,0.878542093646428,0.892371266899756,0.834680831578989,0.88224021042257,0.866681958446266,0.859386987782586,0.906672758702803,0.900530678174543,0.850456593181239,0.888773489804552,0.888217876720581,0.844387320645729,0.876317029401572,0.897426905953359,0.861599879486617,0.877377340452674,0.857298493514801,0.889129010930372,0.905154218563055,0.894951225959519,0.866917328180268,0.851031816670582,0.894427735345267,0.82982533447401,0.911283862637411,0.910714980112397,0.894472450019774,0.896572191535464
"CHOW_INS_11",0.831383372466675,0.856311080692433,0.874940354355974,0.867886836960954,0.88195603133535,0.880487214826835,0.886183850279298,0.881364183167638,0.872966791690883,0.866448798529026,0.895875332678461,0.85855278738267,0.835434614485027,0.877129839525649,0.876106058415682,0.876556989666732,0.882155911482347,0.86886811449079,0.875706246816484,0.873432301062455,0.882652941003061,0.887054047535993,1,0.905281139771584,0.799884141138762,0.849551984133832,0.869244794509818,0.868223553535974,0.866358593479297,0.856237185939983,0.878112502905655,0.846682215102089,0.851490627374582,0.872564667257858,0.886955224480399,0.86973247215696,0.85025050829423,0.851099789775144,0.881952874176173,0.86089291077781,0.863618729178339,0.875690667323132,0.823858928338091,0.821867910574332,0.863413622909411,0.84809756099311,0.839903877174751,0.89160133615829,0.85342790166314,0.874086782417151,0.880813007321106,0.870867561814599,0.854141009332327,0.872042847040216,0.845938872351616,0.844885840245326,0.883423618663544,0.863389563163257,0.879059149433377,0.87510405413871,0.85953975389441,0.892145837056805,0.87891042011227,0.873050459801723,0.875404167338498,0.86138502386457,0.874410956593882,0.85778156261202,0.894579684782836,0.890512183625341,0.894559820811948,0.894189432611438
"CHOW_INS_12",0.818499427412866,0.859902855575267,0.881192358999755,0.872759884868328,0.871073819084337,0.890235377933915,0.89198642744765,0.868573090494499,0.876645045159136,0.861670860867996,0.878275043906547,0.881004377814013,0.819976156170832,0.874162358675095,0.884087654025521,0.877569912080502,0.856397557478846,0.884618933031781,0.884705051575801,0.865142110157707,0.871925906086053,0.891362351598902,0.905281139771584,1,0.786610305923416,0.851159641937627,0.87270720550822,0.879874027656752,0.8632316323606,0.880264073359213,0.884395699119643,0.861906344455069,0.876489777732213,0.889810280402073,0.882257314745147,0.887210902434145,0.838935519815235,0.85778249540547,0.877335597062996,0.873136416751123,0.88044045048523,0.892560203780269,0.846450834542763,0.832059823567512,0.881895061381632,0.867937479367371,0.845120884133009,0.915486484208269,0.846673804138531,0.858164448885612,0.888003862563941,0.885817192201247,0.864923279589401,0.8832807422624,0.862099891508805,0.857237166477317,0.887144474702641,0.862953055668315,0.881990379668406,0.893551227842773,0.852987532310876,0.878668974149481,0.884427457773868,0.883334026988138,0.890404214108958,0.842433057760322,0.891337041572583,0.843958467637268,0.886998478091623,0.895512525893245,0.887705454917536,0.89672625299547
"HFD_BAS_1",0.858059907210153,0.820280886007647,0.812326026064412,0.824694891026751,0.82398144008078,0.807835774174456,0.806831929401608,0.81608140111023,0.806253247196605,0.803222549513067,0.838242826380765,0.769661805891921,0.853110019722869,0.827039772662337,0.805284441991332,0.809114758876913,0.822232567536655,0.822456214160752,0.805434990812892,0.809185752187041,0.813858637039646,0.80745512157323,0.799884141138762,0.786610305923416,1,0.851749231755552,0.817424264762463,0.818001498502035,0.830241960886835,0.81787395723902,0.807656951090552,0.803328890280924,0.805971980873653,0.828236356203181,0.823730262108832,0.804616657232593,0.854767934206437,0.83857204624084,0.812279058110382,0.806136422891829,0.808647744880333,0.809401976473041,0.803787803955943,0.807724354626411,0.807429330261783,0.811828669648448,0.824930588114704,0.794794752089598,0.855233623138908,0.840110657801233,0.823644182560542,0.809586758888734,0.805766755474953,0.799435427119097,0.802961613756064,0.808030570907685,0.812674538605744,0.798231832269593,0.814688494213634,0.785619586094783,0.868686537863193,0.84189332447521,0.79854772244986,0.779044969162946,0.795520982290754,0.828653171113807,0.826419946568382,0.779294472700271,0.813587862688668,0.786456808475619,0.80876292493027,0.801270757498119
"HFD_BAS_2",0.871956059913881,0.907694962412846,0.882864259193014,0.880544596182233,0.861984089246248,0.861878180878967,0.865244996910473,0.843500279161215,0.854487672632751,0.851839159340492,0.866030839541077,0.850740370769841,0.860941254213703,0.902009118554963,0.880175627508208,0.867705850859343,0.836751040461524,0.884688037403948,0.87281876361165,0.836699063334776,0.856217837370768,0.859639510344571,0.849551984133832,0.851159641937627,0.851749231755552,1,0.888330330416234,0.884371372539585,0.863637332386572,0.876178678776691,0.866069482288521,0.826138796385705,0.84427882159819,0.878284420765809,0.849503738491754,0.847408428643762,0.881421940133984,0.885198826749311,0.871364571227786,0.877687094855113,0.850893811484877,0.874661538097872,0.821625447955047,0.813504889121592,0.834690679593019,0.852577507313353,0.818371292026529,0.857690849607445,0.891693577206526,0.897985751635764,0.894953766750805,0.883064903323608,0.841787993359833,0.847732420164998,0.838204988426578,0.81904516732186,0.860839011260429,0.847437483517659,0.845001478738128,0.843016645381327,0.868691683603112,0.910049497154939,0.861355280856233,0.851923701725314,0.844940950983185,0.82504960739876,0.860084025199274,0.798583528921972,0.862462086614842,0.854849732440706,0.851648455050066,0.850732554930255
"HFD_BAS_3",0.844492848144645,0.897850024428671,0.908240988613093,0.901807913843367,0.8797354511352,0.88876987028009,0.908115136495123,0.85144606519993,0.874507459124276,0.87925816055858,0.86685451972099,0.885353387643369,0.845660655518252,0.899063791771324,0.914577731533152,0.90444193692316,0.848983797276383,0.892577434045294,0.890680084769572,0.843746810866464,0.868361127079952,0.898752228088629,0.869244794509818,0.87270720550822,0.817424264762463,0.888330330416234,1,0.911225596597023,0.883792908040352,0.899589991059004,0.906112947693159,0.844580009514452,0.852707063148254,0.904618366269354,0.866996866178945,0.883548055661156,0.854116379681299,0.871588825953616,0.903170213401992,0.898824884005763,0.868484747933368,0.90160947380701,0.831469134047795,0.807039008432854,0.860375618617245,0.871888926430345,0.814416968839621,0.87455785650147,0.878114526559186,0.878015145420747,0.931594796382458,0.91542798493247,0.851413651207413,0.884890246223086,0.860168343012031,0.832467318253997,0.86187699198151,0.871299906412506,0.858999254235721,0.878777255411904,0.860237113463423,0.897668443847732,0.896278230805323,0.889571961125478,0.866143568814942,0.838631014587826,0.885878976742854,0.814099527869314,0.886241483466478,0.887995416416173,0.876637718138089,0.87715663930797
"HFD_BAS_4",0.840230722582506,0.880748210066699,0.923739366578844,0.925277864518145,0.878447788223968,0.883108648962787,0.912109066602074,0.854985588027053,0.869756018858909,0.881602549513374,0.875837871048518,0.893332593900482,0.83391147124763,0.889511552989331,0.909026126108467,0.911494051447344,0.853158065370739,0.883878113337782,0.905647313355037,0.851037667151244,0.864704970655779,0.894142449167861,0.868223553535974,0.879874027656752,0.818001498502035,0.884371372539585,0.911225596597023,1,0.869394785663031,0.894979153988702,0.901095394762495,0.848305623783677,0.847142683740099,0.891827605818119,0.86142798948079,0.88174181365493,0.858610373757145,0.862212560833133,0.917313617166702,0.913897276374019,0.862896348998381,0.892887535173699,0.84832220665707,0.817785148498253,0.857914505799051,0.861503513311187,0.829069293820064,0.881192452925157,0.857089137075563,0.866999061578688,0.91415908728269,0.923010584820376,0.843809912731433,0.878892135272597,0.867696701237974,0.836194109401543,0.862528124837752,0.874926772193165,0.861083855825641,0.878954878728767,0.851069337332808,0.887645516421679,0.907632419225923,0.905198614138791,0.858539024133554,0.828025578554555,0.884260048042335,0.810878505083648,0.880210887454542,0.880819701399208,0.871338557494627,0.887207944487357
"HFD_BAS_5",0.864590138021461,0.871635035262211,0.872745813535272,0.865241417296354,0.91219682358506,0.883574791725933,0.878444113638283,0.888365801177233,0.882340612729625,0.87344851838962,0.897507714266977,0.855381972580121,0.853595651794567,0.878397348451468,0.86994374803728,0.854045303492058,0.849339415991966,0.870081507008654,0.862953301282341,0.889317566681416,0.880881590975509,0.887452986152331,0.866358593479297,0.8632316323606,0.830241960886835,0.863637332386572,0.883792908040352,0.869394785663031,1,0.883800658138894,0.870631979282346,0.86083630489341,0.84763626763812,0.893169940082231,0.879258025327239,0.849960899403591,0.864598878722907,0.863347914554461,0.869430115817323,0.858168702463098,0.893254060019891,0.87729990519614,0.818603623808173,0.837708683862202,0.865679069419503,0.852392988358491,0.848854197209509,0.865073077472187,0.886936085981585,0.879492005659426,0.883825432720787,0.86959347062265,0.892090373074349,0.872357792999031,0.841731641907824,0.859804178514033,0.876031831172222,0.864197504935193,0.856420617677,0.848308408161381,0.863299265800251,0.888455095105132,0.859024728851074,0.848005677186286,0.850514180999637,0.872190170092191,0.858606238525086,0.847402216880993,0.869158828237437,0.871373201289183,0.874739490257499,0.853100587452952
"HFD_BAS_6",0.839130014900485,0.879251555471217,0.884070478684748,0.886287873592868,0.869316946703039,0.87652299996741,0.901283664395399,0.848194312104616,0.881795141032247,0.870497177682295,0.87550221171117,0.873625811287811,0.829586933099559,0.882069597593206,0.898716880488121,0.887244266250141,0.834087659550329,0.887943938718784,0.881086663496213,0.85306420705803,0.875805228487843,0.897583488175243,0.856237185939983,0.880264073359213,0.81787395723902,0.876178678776691,0.899589991059004,0.894979153988702,0.883800658138894,1,0.899992595801079,0.858493595274612,0.877241201139956,0.92669739160209,0.868456072602148,0.873899728715159,0.86278701413772,0.881543655000609,0.889577076715842,0.893583138328886,0.890898570208503,0.915470109820039,0.852771463751103,0.836063026342503,0.883070556888391,0.886926552016508,0.834987736016812,0.864577543876709,0.868787223341416,0.871103753984893,0.914543697033617,0.913079555910629,0.86722314512178,0.88819090727054,0.864951357810898,0.84619979745376,0.875584811783168,0.878751086254428,0.872725279384298,0.887745584219929,0.850907357248745,0.891358287806643,0.875814525596787,0.880238220185025,0.872520546562624,0.836555889993983,0.885457142743039,0.834982681250937,0.87864622876507,0.88169601645888,0.869969601329953,0.870846268295202
